0000000000000000000000000000
0000000000000000000000000000
0000000000000000000000000000
0000000000001110000000000000
0000000000001110000000000000
0000000000001110000000000000
0000000000001110000000000000
0000000000111111100000000000
0000000000111111100000000000
0000000000001110000000000000
0000000000001110000000000000
0000000000001110000000000000
0000000000001110000000000000
0000000000001110000000000000
0000000000001110000000000000
0000000000001110000000000000
0000000000001110000000000000
0000000000001110000000000000
0000000000001110000000000000
0000000000001110000000000000
0000000000000111110000000000
0000000000000011110000000000
0000000000000000000000000000
0000000000000000000000000000
0000000000000000000000000000
0000000000000000000000000000
0000000000000000000000000000
0000000000000000000000000000
