0000000000000000000000000000
0000000001100000000000000000
0000000001100000000000000000
0000000001100000000000000000
0000000001100000000000000000
0000000001100000000000000000
0000000001100000000000000000
0000000001100000111000000000
0000000001100001111000000000
0000000001100011110000000000
0000000001100011100000000000
0000000001100111000000000000
0000000001111110000000000000
0000000001111110000000000000
0000000001111111000000000000
0000000001110011100000000000
0000000001100011100000000000
0000000001100001110000000000
0000000001100000111000000000
0000000001100000111000000000
0000000001100000011100000000
0000000001100000011100000000
0000000000000000000000000000
0000000000000000000000000000
0000000000000000000000000000
0000000000000000000000000000
0000000000000000000000000000
0000000000000000000000000000
