0000000000000000000000000000
0000000000000000000000000000
0000000000000000000000000000
0000000000000000000000000000
0000000000000000000000000000
0000000000000000000000000000
0000000000000000000000000000
0000000011000000001100000000
0000000011000000001100000000
0000000011000000001100000000
0000000011000000001100000000
0000000011000000001100000000
0000000011000000001100000000
0000000011000000001100000000
0000000011000000001100000000
0000000011100000001100000000
0000000011100000011100000000
0000000011100000011100000000
0000000011100000011100000000
0000000011110001111100000000
0000000001111111111100000000
0000000000011111001100000000
0000000000000000000000000000
0000000000000000000000000000
0000000000000000000000000000
0000000000000000000000000000
0000000000000000000000000000
0000000000000000000000000000
