0000000000000000000000000000
0000000000000000000000000000
0000000000000000000000000000
0000000000000000000000000000
0000000000000000000000000000
0000000000000000000000000000
0000000000000000000000000000
0000000011001111100000000000
0000000011111111111000000000
0000000011111000111100000000
0000000011110000011100000000
0000000011100000001100000000
0000000011000000001110000000
0000000011000000001110000000
0000000011000000001110000000
0000000011000000001110000000
0000000011000000001110000000
0000000011100000001100000000
0000000011100000011100000000
0000000011111000111000000000
0000000011111111110000000000
0000000011001111100000000000
0000000011000000000000000000
0000000011000000000000000000
0000000011000000000000000000
0000000011000000000000000000
0000000011000000000000000000
0000000011000000000000000000
