0000000000000000000000000000
0000000000000000000000000000
0000000000000000000000000000
0000000000000000000000000000
0000000000000000000000000000
0000000000000000000000000000
0000000000000000000000000000
0000000011100000000110000000
0000000011100000001110000000
0000000001100000001110000000
0000000001110000001100000000
0000000001110000011100000000
0000000000110000011000000000
0000000000111000111000000000
0000000000011000111000000000
0000000000011100110000000000
0000000000011101110000000000
0000000000001111110000000000
0000000000001111100000000000
0000000000000111100000000000
0000000000000111000000000000
0000000000000111000000000000
0000000000000000000000000000
0000000000000000000000000000
0000000000000000000000000000
0000000000000000000000000000
0000000000000000000000000000
0000000000000000000000000000
