0000000000000000000000000000
0000000000000000000000000000
0000000000000000000000000000
0000000000000000000000000000
0000000000000000000000000000
0000000000000000000000000000
0000000000000000000000000000
0000110011111000011111000000
0000111111111100111111100000
0000111110011111110011110000
0000111000001111000001110000
0000111000000111000001110000
0000111000000110000000110000
0000110000000110000000110000
0000110000000110000000110000
0000110000000110000000110000
0000110000000110000000110000
0000110000000110000001110000
0000110000000110000001110000
0000110000000110000000110000
0000110000000110000000110000
0000110000000110000000110000
0000000000000000000000000000
0000000000000000000000000000
0000000000000000000000000000
0000000000000000000000000000
0000000000000000000000000000
0000000000000000000000000000
