0000000000000000000000000000
0000000000000000000110000000
0000000000000000000110000000
0000000000000000000110000000
0000000000000000000110000000
0000000000000000000110000000
0000000000000000000110000000
0000000000001111100110000000
0000000000011111111110000000
0000000000111100111110000000
0000000001110000001110000000
0000000001110000001110000000
0000000011100000000110000000
0000000011100000000110000000
0000000011100000000110000000
0000000011100000000110000000
0000000001100000000110000000
0000000001110000000110000000
0000000001110000001110000000
0000000000111100011110000000
0000000000011111111110000000
0000000000001111100110000000
0000000000000000000000000000
0000000000000000000000000000
0000000000000000000000000000
0000000000000000000000000000
0000000000000000000000000000
0000000000000000000000000000
