0000000000000000000000000000
0000000000000011111000000000
0000000000000111111000000000
0000000000000111000000000000
0000000000000110000000000000
0000000000000110000000000000
0000000000001110000000000000
0000000000111111110000000000
0000000000111111110000000000
0000000000001110000000000000
0000000000000110000000000000
0000000000000110000000000000
0000000000000110000000000000
0000000000000110000000000000
0000000000000110000000000000
0000000000000110000000000000
0000000000000110000000000000
0000000000000110000000000000
0000000000000110000000000000
0000000000000110000000000000
0000000000000110000000000000
0000000000000110000000000000
0000000000000000000000000000
0000000000000000000000000000
0000000000000000000000000000
0000000000000000000000000000
0000000000000000000000000000
0000000000000000000000000000
