0000000000000000000000000000
0000000000000000000000000000
0000000000000000000000000000
0000000000000000000000000000
0000000000000000000000000000
0000000000000000000000000000
0000000000000000000000000000
0000000000001111100000000000
0000000000111111111000000000
0000000001111000111100000000
0000000011100000001110000000
0000000011100000001110000000
0000000011100000001110000000
0000000011111111111110000000
0000000011111111111110000000
0000000011100000000000000000
0000000011100000000000000000
0000000011100000001110000000
0000000011110000001110000000
0000000001111000111100000000
0000000000111111111000000000
0000000000001111110000000000
0000000000000000000000000000
0000000000000000000000000000
0000000000000000000000000000
0000000000000000000000000000
0000000000000000000000000000
0000000000000000000000000000
