0000000000000000000000000000
0000000000000000000000000000
0000000000000000000000000000
0000000000000000000000000000
0000000000000000000000000000
0000000000000000000000000000
0000000000000000000000000000
0000011000000111000000110000
0000011000000111000000110000
0000011100000111000001110000
0000011100001111100001110000
0000011100001111100001100000
0000001100001111100011100000
0000001110011111100011100000
0000001110011001110011000000
0000000110011000110011000000
0000000110011000111111000000
0000000111111000111110000000
0000000011110000011110000000
0000000011110000011110000000
0000000011110000011100000000
0000000011100000011100000000
0000000000000000000000000000
0000000000000000000000000000
0000000000000000000000000000
0000000000000000000000000000
0000000000000000000000000000
0000000000000000000000000000
