0000000000000000000000000000
0000000000000000000000000000
0000000000000000000000000000
0000000000000000000000000000
0000000000000000000000000000
0000000000000000000000000000
0000000000000000000000000000
0000000000011111000000000000
0000000001111111110000000000
0000000011110001111000000000
0000000111000000011100000000
0000000111000000011100000000
0000000110000000001110000000
0000000110000000001110000000
0000000110000000001110000000
0000000110000000001110000000
0000000110000000001100000000
0000000111000000011100000000
0000000111000000011100000000
0000000011110001111000000000
0000000001111111110000000000
0000000000011111100000000000
0000000000000000000000000000
0000000000000000000000000000
0000000000000000000000000000
0000000000000000000000000000
0000000000000000000000000000
0000000000000000000000000000
