0000000000000000000000000000
0000000000000000000000000000
0000000000000000000000000000
0000000000000000000000000000
0000000000000000000000000000
0000000000000000000000000000
0000000000000000000000000000
0000000001100000011100000000
0000000001110000011100000000
0000000001111000111000000000
0000000000111001110000000000
0000000000011111110000000000
0000000000001111100000000000
0000000000001111000000000000
0000000000001111000000000000
0000000000001111100000000000
0000000000011111100000000000
0000000000111001110000000000
0000000000111000111000000000
0000000001110000011100000000
0000000011100000011100000000
0000000011100000001100000000
0000000000000000000000000000
0000000000000000000000000000
0000000000000000000000000000
0000000000000000000000000000
0000000000000000000000000000
0000000000000000000000000000

