0000000000000000000000000000
0000000000000000000000000000
0000000000000000000000000000
0000000000000000000000000000
0000000000000000000000000000
0000000000000000000000000000
0000000000000000000000000000
0000000011100111110000000000
0000000011111111111000000000
0000000011111000111100000000
0000000011110000011100000000
0000000011100000001110000000
0000000011100000001110000000
0000000011100000001110000000
0000000011100000001110000000
0000000011100000001110000000
0000000011100000001110000000
0000000011100000001110000000
0000000011100000001110000000
0000000011100000001110000000
0000000011100000001110000000
0000000011100000001110000000
0000000000000000000000000000
0000000000000000000000000000
0000000000000000000000000000
0000000000000000000000000000
0000000000000000000000000000
0000000000000000000000000000
